m	avg	Theory	confIntUpper	confIntLower	RelErr
0	0.0	0.0	0.0	0.0	nan
3	0.012253079239301079	0.0	0.0	0.0	nan
6	0.04811882531956668	0.020600041237157234	0.04	0.059399958762842764	0.48499896907106915
9	0.10502447201048959	0.013111865111860334	0.03	0.046888134888139664	0.5629378296046555
12	0.17902307342338153	0.06166800571791671	0.09	0.11833199428208328	0.314799936467592
15	0.26524574166988535	0.1883375816832484	0.23	0.27166241831675164	0.18114094920326787
18	0.3584291241348333	0.2546325006199372	0.3	0.3453674993800628	0.1512249979335427
21	0.4534391261696178	0.32220237348988967	0.37	0.4177976265101103	0.1291827743516495
24	0.5457198023571386	0.4305396158526847	0.48	0.5294603841473153	0.10304246697357357
27	0.6316162690635074	0.551500103092893	0.6	0.648499896907107	0.08083316151184489
30	0.7085470557100684	0.6755491102451255	0.72	0.7644508897548744	0.06173734688177003
33	0.7750283358721004	0.7071317425126703	0.75	0.7928682574873297	0.05715767664977295
36	0.8305745828401441	0.8037060004959498	0.84	0.8762939995040502	0.04320714226672649
39	0.8755139532724399	0.8367059599928155	0.87	0.9032940400071845	0.03826901150251088
42	0.9107611107407521	0.8367059599928155	0.87	0.9032940400071845	0.03826901150251088
45	0.9375864327111807	0.8816680057179167	0.91	0.9383319942820834	0.03113405965064097
48	0.9574112175674337	0.9164888026676649	0.94	0.963511197332335	0.02501191205567561
51	0.9716467523164392	0.9406000412371572	0.96	0.9793999587628427	0.020208290377961218
54	0.9815837259852402	0.96614	0.98	0.99386	0.014142857142857141
57	0.9883294293093129	0.9801496243726444	0.99	0.9998503756273556	0.0099498743710662
60	0.9927843777700321	0.9801496243726444	0.99	0.9998503756273556	0.0099498743710662
63	0.9956474191082445	1.0	1.0	1.0	0.0
66	0.9974384001843056	1.0	1.0	1.0	0.0
69	0.9985291544040256	1.0	1.0	1.0	0.0
72	0.9991760245836394	1.0	1.0	1.0	0.0
75	0.9995496472764192	1.0	1.0	1.0	0.0
78	0.9997598499388792	1.0	1.0	1.0	0.0
81	0.9998750592874623	1.0	1.0	1.0	0.0
84	0.9999365814038371	1.0	1.0	1.0	0.0
87	0.9999685934205598	1.0	1.0	1.0	0.0
90	0.9999848254429509	1.0	1.0	1.0	0.0
93	0.9999928467603465	1.0	1.0	1.0	0.0
96	0.9999967101136381	1.0	1.0	1.0	0.0
99	0.9999985237823706	1.0	1.0	1.0	0.0
